$ 1 0.000005 10.20027730826997 50 5 50 5e-11
s 224 160 224 256 0 1 false
s 432 80 432 256 0 1 false
r 224 80 224 160 0 1000
d 432 256 224 256 2 default
v 96 256 96 80 0 0 40 24 0 0 0.5
r 176 256 176 368 0 16000
w 176 368 96 368 0
w 96 80 224 80 0
w 224 80 432 80 0
w 224 256 176 256 0
x 473 178 590 181 4 24 Sensor\sNC
p 176 256 96 256 3 0 0
x 213 322 345 325 4 12 Internal\spull\sdown\sin\sPLS
x 108 282 168 285 4 12 PLS\ssignal\s
w 96 256 96 368 0
x 254 125 371 128 4 12 Pull\sup\s400-1000\sohm
x 247 212 385 215 4 12 Momentary\sbypass\sswitch
o 11 64 0 4098 0.0000762939453125 0.1 0 1
